Validating in torch.float32. AMP not enabled.
Loading pretrained weights from Hugging Face hub (timm/eva_giant_patch14_224.clip_ft_in1k)
[timm/eva_giant_patch14_224.clip_ft_in1k] Safe alternative available for 'pytorch_model.bin' (as 'model.safetensors'). Loading weights using safetensors.
Model eva_giant_patch14_224.clip_ft_in1k created, param count: 1012555112
Data processing configuration for current model + dataset:
	input_size: (3, 224, 224)
	interpolation: bicubic
	mean: (0.48145466, 0.4578275, 0.40821073)
	std: (0.26862954, 0.26130258, 0.27577711)
	crop_pct: 0.9
	crop_mode: center
Test: [   0/196]  Time: 10.376s (10.376s,   24.67/s)  Loss:  0.6664 (0.6664)  Acc@1:  92.188 ( 92.188)  Acc@5:  98.828 ( 98.828)
Test: [  10/196]  Time: 3.234s (3.878s,   66.01/s)  Loss:  1.5132 (0.9759)  Acc@1:  63.281 ( 81.570)  Acc@5:  95.703 ( 96.911)
Test: [  20/196]  Time: 3.268s (3.582s,   71.46/s)  Loss:  0.7616 (0.9657)  Acc@1:  92.188 ( 81.920)  Acc@5:  96.875 ( 96.894)
Test: [  30/196]  Time: 3.295s (3.485s,   73.45/s)  Loss:  1.0016 (0.9056)  Acc@1:  84.375 ( 84.047)  Acc@5:  96.875 ( 97.278)
Test: [  40/196]  Time: 3.298s (3.439s,   74.43/s)  Loss:  1.1954 (0.9756)  Acc@1:  79.297 ( 82.155)  Acc@5:  96.094 ( 96.780)
Test: [  50/196]  Time: 3.302s (3.412s,   75.03/s)  Loss:  0.9459 (0.9886)  Acc@1:  85.156 ( 81.763)  Acc@5:  96.484 ( 96.691)
Test: [  60/196]  Time: 3.297s (3.394s,   75.43/s)  Loss:  1.0253 (0.9952)  Acc@1:  82.422 ( 81.628)  Acc@5:  96.094 ( 96.657)
Test: [  70/196]  Time: 3.304s (3.381s,   75.72/s)  Loss:  0.9622 (0.9749)  Acc@1:  80.859 ( 82.152)  Acc@5:  97.656 ( 96.831)
Test: [  80/196]  Time: 3.309s (3.372s,   75.93/s)  Loss:  1.5680 (0.9872)  Acc@1:  69.922 ( 81.988)  Acc@5:  92.969 ( 96.658)
Test: [  90/196]  Time: 3.305s (3.364s,   76.09/s)  Loss:  1.3345 (1.0072)  Acc@1:  68.359 ( 81.619)  Acc@5:  94.531 ( 96.411)
Test: [ 100/196]  Time: 3.298s (3.358s,   76.23/s)  Loss:  0.9860 (1.0498)  Acc@1:  83.594 ( 80.623)  Acc@5:  97.266 ( 96.067)
Test: [ 110/196]  Time: 3.300s (3.353s,   76.35/s)  Loss:  1.1354 (1.0709)  Acc@1:  81.641 ( 80.173)  Acc@5:  95.703 ( 95.844)
Test: [ 120/196]  Time: 3.301s (3.348s,   76.45/s)  Loss:  1.3890 (1.0764)  Acc@1:  72.266 ( 80.207)  Acc@5:  92.969 ( 95.764)
Test: [ 130/196]  Time: 3.299s (3.345s,   76.54/s)  Loss:  0.7869 (1.0917)  Acc@1:  85.547 ( 79.756)  Acc@5:  98.438 ( 95.602)
Test: [ 140/196]  Time: 3.303s (3.342s,   76.61/s)  Loss:  1.4722 (1.0984)  Acc@1:  73.438 ( 79.624)  Acc@5:  92.578 ( 95.534)
Test: [ 150/196]  Time: 3.305s (3.339s,   76.67/s)  Loss:  1.1810 (1.1118)  Acc@1:  82.422 ( 79.400)  Acc@5:  92.969 ( 95.362)
Test: [ 160/196]  Time: 3.303s (3.337s,   76.72/s)  Loss:  0.9756 (1.1221)  Acc@1:  82.422 ( 79.251)  Acc@5:  96.484 ( 95.228)
Test: [ 170/196]  Time: 3.304s (3.335s,   76.76/s)  Loss:  0.7192 (1.1315)  Acc@1:  88.281 ( 79.043)  Acc@5:  98.828 ( 95.146)
Test: [ 180/196]  Time: 3.303s (3.333s,   76.80/s)  Loss:  1.7211 (1.1473)  Acc@1:  67.188 ( 78.593)  Acc@5:  90.625 ( 95.008)
Test: [ 190/196]  Time: 3.302s (3.332s,   76.84/s)  Loss:  1.1561 (1.1494)  Acc@1:  74.609 ( 78.528)  Acc@5:  98.047 ( 95.040)
 * Acc@1 78.646 (21.354) Acc@5 95.078 (4.922)
