Validating in torch.float32. AMP not enabled.
Loading pretrained weights from Hugging Face hub (timm/eva_giant_patch14_224.clip_ft_in1k)
[timm/eva_giant_patch14_224.clip_ft_in1k] Safe alternative available for 'pytorch_model.bin' (as 'model.safetensors'). Loading weights using safetensors.
Model eva_giant_patch14_224.clip_ft_in1k created, param count: 1012555112
Data processing configuration for current model + dataset:
	input_size: (3, 224, 224)
	interpolation: bicubic
	mean: (0.48145466, 0.4578275, 0.40821073)
	std: (0.26862954, 0.26130258, 0.27577711)
	crop_pct: 0.9
	crop_mode: center
Test: [   0/196]  Time: 9.920s (9.920s,   25.81/s)  Loss:  0.5705 (0.5705)  Acc@1:  94.922 ( 94.922)  Acc@5:  99.609 ( 99.609)
Test: [  10/196]  Time: 3.220s (3.817s,   67.06/s)  Loss:  1.5445 (0.8947)  Acc@1:  63.281 ( 83.310)  Acc@5:  94.531 ( 97.798)
Test: [  20/196]  Time: 3.256s (3.542s,   72.28/s)  Loss:  0.6081 (0.9038)  Acc@1:  94.922 ( 83.073)  Acc@5:  98.438 ( 97.619)
Test: [  30/196]  Time: 3.283s (3.455s,   74.10/s)  Loss:  0.9374 (0.8391)  Acc@1:  87.109 ( 85.496)  Acc@5:  95.312 ( 97.883)
Test: [  40/196]  Time: 3.286s (3.413s,   75.00/s)  Loss:  0.9944 (0.8831)  Acc@1:  83.984 ( 84.575)  Acc@5:  96.484 ( 97.466)
Test: [  50/196]  Time: 3.286s (3.388s,   75.56/s)  Loss:  0.7734 (0.8814)  Acc@1:  87.891 ( 84.582)  Acc@5:  97.266 ( 97.488)
Test: [  60/196]  Time: 3.285s (3.371s,   75.94/s)  Loss:  0.9314 (0.8893)  Acc@1:  83.594 ( 84.420)  Acc@5:  97.266 ( 97.483)
Test: [  70/196]  Time: 3.288s (3.359s,   76.21/s)  Loss:  0.9156 (0.8715)  Acc@1:  82.422 ( 84.848)  Acc@5:  98.828 ( 97.645)
Test: [  80/196]  Time: 3.287s (3.350s,   76.42/s)  Loss:  1.2455 (0.8826)  Acc@1:  77.344 ( 84.655)  Acc@5:  94.922 ( 97.521)
Test: [  90/196]  Time: 3.284s (3.343s,   76.58/s)  Loss:  1.0397 (0.8985)  Acc@1:  77.344 ( 84.354)  Acc@5:  97.266 ( 97.351)
Test: [ 100/196]  Time: 3.283s (3.337s,   76.71/s)  Loss:  0.8511 (0.9304)  Acc@1:  86.328 ( 83.571)  Acc@5:  97.656 ( 97.099)
Test: [ 110/196]  Time: 3.280s (3.332s,   76.83/s)  Loss:  1.0854 (0.9452)  Acc@1:  80.469 ( 83.228)  Acc@5:  95.312 ( 96.952)
Test: [ 120/196]  Time: 3.278s (3.328s,   76.93/s)  Loss:  1.4319 (0.9520)  Acc@1:  71.484 ( 83.158)  Acc@5:  92.188 ( 96.901)
Test: [ 130/196]  Time: 3.280s (3.324s,   77.02/s)  Loss:  0.7025 (0.9633)  Acc@1:  87.891 ( 82.747)  Acc@5:  99.609 ( 96.792)
Test: [ 140/196]  Time: 3.283s (3.321s,   77.09/s)  Loss:  1.1499 (0.9679)  Acc@1:  76.172 ( 82.624)  Acc@5:  97.266 ( 96.775)
Test: [ 150/196]  Time: 3.284s (3.318s,   77.15/s)  Loss:  1.0142 (0.9781)  Acc@1:  85.547 ( 82.456)  Acc@5:  96.094 ( 96.671)
Test: [ 160/196]  Time: 3.284s (3.316s,   77.20/s)  Loss:  0.7966 (0.9845)  Acc@1:  88.281 ( 82.383)  Acc@5:  97.266 ( 96.615)
Test: [ 170/196]  Time: 3.283s (3.314s,   77.24/s)  Loss:  0.6678 (0.9915)  Acc@1:  91.797 ( 82.260)  Acc@5:  98.828 ( 96.587)
Test: [ 180/196]  Time: 3.285s (3.313s,   77.28/s)  Loss:  1.4230 (1.0027)  Acc@1:  71.484 ( 81.900)  Acc@5:  93.359 ( 96.493)
Test: [ 190/196]  Time: 3.283s (3.311s,   77.31/s)  Loss:  1.0879 (1.0055)  Acc@1:  78.125 ( 81.817)  Acc@5:  98.047 ( 96.511)
 * Acc@1 81.880 (18.120) Acc@5 96.516 (3.484)
