Validating in torch.float32. AMP not enabled.
Loading pretrained weights from Hugging Face hub (timm/eva_giant_patch14_224.clip_ft_in1k)
[timm/eva_giant_patch14_224.clip_ft_in1k] Safe alternative available for 'pytorch_model.bin' (as 'model.safetensors'). Loading weights using safetensors.
Model eva_giant_patch14_224.clip_ft_in1k created, param count: 1012555112
Data processing configuration for current model + dataset:
	input_size: (3, 224, 224)
	interpolation: bicubic
	mean: (0.48145466, 0.4578275, 0.40821073)
	std: (0.26862954, 0.26130258, 0.27577711)
	crop_pct: 0.9
	crop_mode: center
Test: [   0/196]  Time: 3.786s (3.786s,   67.62/s)  Loss:  2.2961 (2.2961)  Acc@1:  54.688 ( 54.688)  Acc@5:  86.719 ( 86.719)
Test: [  10/196]  Time: 3.241s (3.285s,   77.93/s)  Loss:  2.9499 (2.5629)  Acc@1:  37.109 ( 50.142)  Acc@5:  75.781 ( 80.078)
Test: [  20/196]  Time: 3.261s (3.271s,   78.26/s)  Loss:  2.3169 (2.4247)  Acc@1:  62.500 ( 54.092)  Acc@5:  76.172 ( 79.613)
Test: [  30/196]  Time: 3.276s (3.272s,   78.24/s)  Loss:  1.7797 (2.3533)  Acc@1:  68.359 ( 56.779)  Acc@5:  87.500 ( 79.927)
Test: [  40/196]  Time: 3.277s (3.274s,   78.20/s)  Loss:  2.1620 (2.2696)  Acc@1:  54.297 ( 56.774)  Acc@5:  83.594 ( 81.269)
Test: [  50/196]  Time: 3.281s (3.275s,   78.17/s)  Loss:  1.8874 (2.1957)  Acc@1:  61.719 ( 57.514)  Acc@5:  88.281 ( 82.414)
Test: [  60/196]  Time: 3.281s (3.276s,   78.15/s)  Loss:  3.2522 (2.2204)  Acc@1:  44.531 ( 57.082)  Acc@5:  70.312 ( 82.230)
Test: [  70/196]  Time: 3.280s (3.277s,   78.13/s)  Loss:  1.9792 (2.2439)  Acc@1:  58.203 ( 56.998)  Acc@5:  85.547 ( 81.833)
Test: [  80/196]  Time: 3.272s (3.277s,   78.13/s)  Loss:  4.3037 (2.2899)  Acc@1:  29.297 ( 56.689)  Acc@5:  50.781 ( 81.038)
Test: [  90/196]  Time: 3.278s (3.277s,   78.13/s)  Loss:  3.9546 (2.4508)  Acc@1:  32.812 ( 54.490)  Acc@5:  56.641 ( 78.782)
Test: [ 100/196]  Time: 3.275s (3.276s,   78.14/s)  Loss:  2.7063 (2.5649)  Acc@1:  51.172 ( 52.777)  Acc@5:  77.344 ( 77.266)
Test: [ 110/196]  Time: 3.275s (3.276s,   78.14/s)  Loss:  3.4370 (2.6814)  Acc@1:  42.969 ( 51.112)  Acc@5:  64.062 ( 75.697)
Test: [ 120/196]  Time: 3.274s (3.276s,   78.14/s)  Loss:  3.2561 (2.7481)  Acc@1:  41.016 ( 50.184)  Acc@5:  66.797 ( 74.745)
Test: [ 130/196]  Time: 3.275s (3.276s,   78.15/s)  Loss:  3.2388 (2.7996)  Acc@1:  45.312 ( 49.353)  Acc@5:  72.266 ( 74.058)
Test: [ 140/196]  Time: 3.278s (3.276s,   78.14/s)  Loss:  3.6979 (2.8459)  Acc@1:  36.328 ( 48.753)  Acc@5:  58.984 ( 73.449)
Test: [ 150/196]  Time: 3.284s (3.276s,   78.14/s)  Loss:  3.5124 (2.8981)  Acc@1:  40.234 ( 47.949)  Acc@5:  66.406 ( 72.773)
Test: [ 160/196]  Time: 3.277s (3.276s,   78.14/s)  Loss:  3.6391 (2.9361)  Acc@1:  39.453 ( 47.452)  Acc@5:  57.812 ( 72.152)
Test: [ 170/196]  Time: 3.276s (3.276s,   78.14/s)  Loss:  3.0903 (2.9686)  Acc@1:  41.797 ( 46.912)  Acc@5:  73.047 ( 71.779)
Test: [ 180/196]  Time: 3.274s (3.276s,   78.14/s)  Loss:  4.4978 (3.0256)  Acc@1:  19.922 ( 46.018)  Acc@5:  58.203 ( 71.007)
Test: [ 190/196]  Time: 3.275s (3.276s,   78.14/s)  Loss:  4.4079 (3.0373)  Acc@1:  17.578 ( 45.728)  Acc@5:  59.375 ( 70.971)
 * Acc@1 45.704 (54.296) Acc@5 71.006 (28.994)
