Validating in torch.float32. AMP not enabled.
Loading pretrained weights from Hugging Face hub (timm/eva_giant_patch14_224.clip_ft_in1k)
[timm/eva_giant_patch14_224.clip_ft_in1k] Safe alternative available for 'pytorch_model.bin' (as 'model.safetensors'). Loading weights using safetensors.
Model eva_giant_patch14_224.clip_ft_in1k created, param count: 1012555112
Data processing configuration for current model + dataset:
	input_size: (3, 224, 224)
	interpolation: bicubic
	mean: (0.48145466, 0.4578275, 0.40821073)
	std: (0.26862954, 0.26130258, 0.27577711)
	crop_pct: 0.9
	crop_mode: center
Test: [   0/196]  Time: 3.763s (3.763s,   68.04/s)  Loss:  0.5318 (0.5318)  Acc@1:  95.703 ( 95.703)  Acc@5:  99.609 ( 99.609)
Test: [  10/196]  Time: 3.221s (3.261s,   78.50/s)  Loss:  1.3914 (0.8229)  Acc@1:  68.750 ( 85.227)  Acc@5:  94.922 ( 98.438)
Test: [  20/196]  Time: 3.256s (3.252s,   78.71/s)  Loss:  0.5911 (0.8345)  Acc@1:  95.312 ( 85.045)  Acc@5:  99.219 ( 98.326)
Test: [  30/196]  Time: 3.271s (3.257s,   78.59/s)  Loss:  0.9208 (0.7767)  Acc@1:  87.891 ( 87.122)  Acc@5:  95.703 ( 98.526)
Test: [  40/196]  Time: 3.288s (3.264s,   78.44/s)  Loss:  0.8655 (0.8142)  Acc@1:  87.109 ( 86.452)  Acc@5:  96.875 ( 98.066)
Test: [  50/196]  Time: 3.295s (3.269s,   78.31/s)  Loss:  0.7360 (0.8138)  Acc@1:  89.844 ( 86.474)  Acc@5:  97.656 ( 98.047)
Test: [  60/196]  Time: 3.294s (3.274s,   78.20/s)  Loss:  0.8672 (0.8247)  Acc@1:  84.766 ( 86.168)  Acc@5:  97.266 ( 98.040)
Test: [  70/196]  Time: 3.299s (3.277s,   78.12/s)  Loss:  0.8701 (0.8082)  Acc@1:  83.594 ( 86.559)  Acc@5:  99.609 ( 98.195)
Test: [  80/196]  Time: 3.294s (3.280s,   78.05/s)  Loss:  1.1551 (0.8150)  Acc@1:  78.516 ( 86.511)  Acc@5:  95.312 ( 98.095)
Test: [  90/196]  Time: 3.299s (3.282s,   78.00/s)  Loss:  0.9746 (0.8187)  Acc@1:  77.344 ( 86.508)  Acc@5:  98.047 ( 98.043)
Test: [ 100/196]  Time: 3.301s (3.284s,   77.97/s)  Loss:  0.6932 (0.8378)  Acc@1:  90.625 ( 85.992)  Acc@5:  99.609 ( 97.942)
Test: [ 110/196]  Time: 3.294s (3.285s,   77.93/s)  Loss:  0.9061 (0.8458)  Acc@1:  84.766 ( 85.814)  Acc@5:  98.047 ( 97.850)
Test: [ 120/196]  Time: 3.301s (3.286s,   77.90/s)  Loss:  1.0773 (0.8457)  Acc@1:  80.078 ( 85.902)  Acc@5:  96.094 ( 97.856)
Test: [ 130/196]  Time: 3.299s (3.287s,   77.88/s)  Loss:  0.6419 (0.8518)  Acc@1:  91.016 ( 85.639)  Acc@5:  99.219 ( 97.817)
Test: [ 140/196]  Time: 3.300s (3.288s,   77.86/s)  Loss:  0.9355 (0.8524)  Acc@1:  83.203 ( 85.647)  Acc@5:  98.438 ( 97.798)
Test: [ 150/196]  Time: 3.302s (3.289s,   77.83/s)  Loss:  0.7176 (0.8547)  Acc@1:  91.406 ( 85.637)  Acc@5:  98.047 ( 97.765)
Test: [ 160/196]  Time: 3.307s (3.290s,   77.81/s)  Loss:  0.7700 (0.8589)  Acc@1:  89.844 ( 85.632)  Acc@5:  97.656 ( 97.717)
Test: [ 170/196]  Time: 3.301s (3.291s,   77.80/s)  Loss:  0.5841 (0.8623)  Acc@1:  92.969 ( 85.558)  Acc@5:  99.609 ( 97.722)
Test: [ 180/196]  Time: 3.300s (3.291s,   77.78/s)  Loss:  1.0822 (0.8688)  Acc@1:  81.250 ( 85.338)  Acc@5:  96.875 ( 97.693)
Test: [ 190/196]  Time: 3.298s (3.292s,   77.77/s)  Loss:  1.0441 (0.8724)  Acc@1:  76.953 ( 85.224)  Acc@5:  98.438 ( 97.689)
 * Acc@1 85.226 (14.774) Acc@5 97.684 (2.316)
