Validating in torch.float32. AMP not enabled.
Loading pretrained weights from Hugging Face hub (timm/eva_giant_patch14_224.clip_ft_in1k)
[timm/eva_giant_patch14_224.clip_ft_in1k] Safe alternative available for 'pytorch_model.bin' (as 'model.safetensors'). Loading weights using safetensors.
Model eva_giant_patch14_224.clip_ft_in1k created, param count: 1012555112
Data processing configuration for current model + dataset:
	input_size: (3, 224, 224)
	interpolation: bicubic
	mean: (0.48145466, 0.4578275, 0.40821073)
	std: (0.26862954, 0.26130258, 0.27577711)
	crop_pct: 0.9
	crop_mode: center
Test: [   0/196]  Time: 3.767s (3.767s,   67.96/s)  Loss:  1.0501 (1.0501)  Acc@1:  81.250 ( 81.250)  Acc@5:  98.047 ( 98.047)
Test: [  10/196]  Time: 3.239s (3.273s,   78.23/s)  Loss:  1.6090 (1.2242)  Acc@1:  63.672 ( 76.491)  Acc@5:  93.359 ( 96.378)
Test: [  20/196]  Time: 3.259s (3.259s,   78.55/s)  Loss:  0.8670 (1.1414)  Acc@1:  89.453 ( 78.571)  Acc@5:  94.141 ( 96.038)
Test: [  30/196]  Time: 3.276s (3.262s,   78.47/s)  Loss:  0.9846 (1.0720)  Acc@1:  86.719 ( 80.897)  Acc@5:  95.703 ( 96.270)
Test: [  40/196]  Time: 3.286s (3.267s,   78.35/s)  Loss:  1.0345 (1.0556)  Acc@1:  80.859 ( 81.069)  Acc@5:  95.312 ( 96.313)
Test: [  50/196]  Time: 3.292s (3.272s,   78.25/s)  Loss:  0.8426 (1.0255)  Acc@1:  88.281 ( 81.702)  Acc@5:  96.875 ( 96.615)
Test: [  60/196]  Time: 3.306s (3.276s,   78.14/s)  Loss:  1.2247 (1.0316)  Acc@1:  79.297 ( 81.545)  Acc@5:  96.875 ( 96.753)
Test: [  70/196]  Time: 3.307s (3.280s,   78.05/s)  Loss:  0.9756 (1.0213)  Acc@1:  79.688 ( 81.971)  Acc@5:  98.047 ( 96.914)
Test: [  80/196]  Time: 3.300s (3.283s,   77.98/s)  Loss:  1.8233 (1.0462)  Acc@1:  67.578 ( 81.698)  Acc@5:  86.719 ( 96.528)
Test: [  90/196]  Time: 3.302s (3.285s,   77.93/s)  Loss:  1.4944 (1.1167)  Acc@1:  71.094 ( 80.456)  Acc@5:  91.016 ( 95.742)
Test: [ 100/196]  Time: 3.299s (3.287s,   77.87/s)  Loss:  1.0708 (1.1807)  Acc@1:  83.984 ( 79.088)  Acc@5:  96.484 ( 95.224)
Test: [ 110/196]  Time: 3.306s (3.289s,   77.84/s)  Loss:  1.4107 (1.2449)  Acc@1:  73.438 ( 77.805)  Acc@5:  92.578 ( 94.524)
Test: [ 120/196]  Time: 3.307s (3.290s,   77.81/s)  Loss:  1.5301 (1.2756)  Acc@1:  72.266 ( 77.289)  Acc@5:  91.797 ( 94.147)
Test: [ 130/196]  Time: 3.305s (3.291s,   77.79/s)  Loss:  1.1962 (1.3021)  Acc@1:  80.078 ( 76.610)  Acc@5:  97.266 ( 93.914)
Test: [ 140/196]  Time: 3.312s (3.292s,   77.76/s)  Loss:  1.7982 (1.3297)  Acc@1:  69.141 ( 76.158)  Acc@5:  88.672 ( 93.592)
Test: [ 150/196]  Time: 3.307s (3.293s,   77.73/s)  Loss:  1.3078 (1.3588)  Acc@1:  75.391 ( 75.484)  Acc@5:  92.578 ( 93.284)
Test: [ 160/196]  Time: 3.306s (3.294s,   77.71/s)  Loss:  1.7394 (1.3810)  Acc@1:  69.141 ( 75.107)  Acc@5:  87.109 ( 93.015)
Test: [ 170/196]  Time: 3.302s (3.295s,   77.69/s)  Loss:  1.1718 (1.3952)  Acc@1:  80.078 ( 74.767)  Acc@5:  98.828 ( 92.953)
Test: [ 180/196]  Time: 3.302s (3.295s,   77.68/s)  Loss:  1.9960 (1.4319)  Acc@1:  60.547 ( 73.917)  Acc@5:  91.797 ( 92.669)
Test: [ 190/196]  Time: 3.305s (3.296s,   77.67/s)  Loss:  3.3709 (1.4490)  Acc@1:  37.500 ( 73.525)  Acc@5:  68.750 ( 92.507)
 * Acc@1 73.354 (26.646) Acc@5 92.408 (7.592)
