Validating in torch.float32. AMP not enabled.
Loading pretrained weights from Hugging Face hub (timm/eva_giant_patch14_224.clip_ft_in1k)
[timm/eva_giant_patch14_224.clip_ft_in1k] Safe alternative available for 'pytorch_model.bin' (as 'model.safetensors'). Loading weights using safetensors.
Model eva_giant_patch14_224.clip_ft_in1k created, param count: 1012555112
Data processing configuration for current model + dataset:
	input_size: (3, 224, 224)
	interpolation: bicubic
	mean: (0.48145466, 0.4578275, 0.40821073)
	std: (0.26862954, 0.26130258, 0.27577711)
	crop_pct: 0.9
	crop_mode: center
Test: [   0/196]  Time: 10.238s (10.238s,   25.01/s)  Loss:  0.5057 (0.5057)  Acc@1:  96.094 ( 96.094)  Acc@5: 100.000 (100.000)
Test: [  10/196]  Time: 3.232s (3.863s,   66.27/s)  Loss:  1.3050 (0.7712)  Acc@1:  70.312 ( 86.861)  Acc@5:  96.875 ( 98.828)
Test: [  20/196]  Time: 3.260s (3.572s,   71.67/s)  Loss:  0.5746 (0.7785)  Acc@1:  96.094 ( 86.496)  Acc@5:  98.828 ( 98.679)
Test: [  30/196]  Time: 3.281s (3.474s,   73.68/s)  Loss:  0.9008 (0.7243)  Acc@1:  87.891 ( 88.495)  Acc@5:  96.094 ( 98.803)
Test: [  40/196]  Time: 3.291s (3.429s,   74.66/s)  Loss:  0.7723 (0.7570)  Acc@1:  88.672 ( 88.005)  Acc@5:  96.875 ( 98.457)
Test: [  50/196]  Time: 3.296s (3.403s,   75.23/s)  Loss:  0.6754 (0.7562)  Acc@1:  91.016 ( 88.067)  Acc@5:  98.438 ( 98.407)
Test: [  60/196]  Time: 3.300s (3.386s,   75.61/s)  Loss:  0.7706 (0.7678)  Acc@1:  88.281 ( 87.750)  Acc@5:  97.656 ( 98.393)
Test: [  70/196]  Time: 3.295s (3.373s,   75.89/s)  Loss:  0.8428 (0.7527)  Acc@1:  85.938 ( 88.078)  Acc@5:  99.609 ( 98.542)
Test: [  80/196]  Time: 3.300s (3.364s,   76.10/s)  Loss:  0.9849 (0.7593)  Acc@1:  83.203 ( 88.055)  Acc@5:  98.047 ( 98.481)
Test: [  90/196]  Time: 3.299s (3.357s,   76.26/s)  Loss:  0.9133 (0.7579)  Acc@1:  80.859 ( 88.157)  Acc@5:  98.438 ( 98.463)
Test: [ 100/196]  Time: 3.301s (3.351s,   76.39/s)  Loss:  0.6656 (0.7707)  Acc@1:  91.406 ( 87.713)  Acc@5:  99.219 ( 98.403)
Test: [ 110/196]  Time: 3.301s (3.347s,   76.49/s)  Loss:  0.8068 (0.7777)  Acc@1:  88.281 ( 87.606)  Acc@5:  98.047 ( 98.325)
Test: [ 120/196]  Time: 3.300s (3.343s,   76.57/s)  Loss:  0.8911 (0.7753)  Acc@1:  85.938 ( 87.742)  Acc@5:  96.875 ( 98.331)
Test: [ 130/196]  Time: 3.304s (3.340s,   76.64/s)  Loss:  0.5948 (0.7793)  Acc@1:  91.797 ( 87.521)  Acc@5: 100.000 ( 98.327)
Test: [ 140/196]  Time: 3.309s (3.338s,   76.70/s)  Loss:  0.7290 (0.7786)  Acc@1:  86.328 ( 87.547)  Acc@5:  99.609 ( 98.327)
Test: [ 150/196]  Time: 3.298s (3.336s,   76.75/s)  Loss:  0.6649 (0.7798)  Acc@1:  92.188 ( 87.585)  Acc@5:  98.828 ( 98.298)
Test: [ 160/196]  Time: 3.304s (3.333s,   76.80/s)  Loss:  0.7061 (0.7832)  Acc@1:  90.625 ( 87.580)  Acc@5:  98.438 ( 98.273)
Test: [ 170/196]  Time: 3.299s (3.332s,   76.84/s)  Loss:  0.5347 (0.7844)  Acc@1:  94.531 ( 87.557)  Acc@5: 100.000 ( 98.296)
Test: [ 180/196]  Time: 3.302s (3.330s,   76.88/s)  Loss:  0.8311 (0.7881)  Acc@1:  86.719 ( 87.383)  Acc@5:  99.219 ( 98.289)
Test: [ 190/196]  Time: 3.301s (3.328s,   76.91/s)  Loss:  1.0364 (0.7911)  Acc@1:  78.125 ( 87.306)  Acc@5:  97.656 ( 98.280)
 * Acc@1 87.278 (12.722) Acc@5 98.272 (1.728)
